"No.","Time","D_Time","Source","Destination","Protocol","Length","Info"
"312","1.600358","0.060229","10.1.0.2","10.1.2.2","TCP","74","34031 > 50000 [SYN] Seq=0 Win=29200 Len=0 MSS=1460 SACK_PERM=1 TSval=400 TSecr=0 WS=16"
"313","1.600636","0.000278","10.1.2.2","10.1.0.2","TCP","74","50000 > 34031 [SYN, ACK] Seq=0 Ack=1 Win=28560 Len=0 MSS=1460 SACK_PERM=1 TSval=400 TSecr=400 WS=16"
"314","1.601366","0.000730","10.1.0.2","10.1.2.2","TCP","82","34031 > 50000 [ACK] Seq=1 Ack=1 Win=58400 Len=0 TSval=400 TSecr=400"
"315","1.602251","0.000885","10.1.0.2","10.1.2.2","TCP","594","34031 > 50000 [PSH, ACK] Seq=1 Ack=1 Win=58400 Len=512 TSval=400 TSecr=400"
"316","1.602942","0.000691","10.1.2.2","10.1.0.2","TCP","70","50000 > 34031 [ACK] Seq=1 Ack=513 Win=58192 Len=0 TSval=400 TSecr=400"
"317","1.604179","0.001237","10.1.0.2","10.1.2.2","TCP","1502","34031 > 50000 [PSH, ACK] Seq=513 Ack=1 Win=58400 Len=1420 TSval=400 TSecr=400"
"318","1.605380","0.001201","10.1.0.2","10.1.2.2","TCP","1502","34031 > 50000 [PSH, ACK] Seq=1933 Ack=1 Win=58400 Len=1420 TSval=400 TSecr=400"
"319","1.605596","0.000216","10.1.2.2","10.1.0.2","TCP","70","50000 > 34031 [ACK] Seq=1 Ack=1933 Win=61120 Len=0 TSval=401 TSecr=400"
"320","1.606582","0.000986","10.1.0.2","10.1.2.2","TCP","1502","34031 > 50000 [PSH, ACK] Seq=3353 Ack=1 Win=58400 Len=1428 TSval=400 TSecr=400"
"321","1.606798","0.000216","10.1.2.2","10.1.0.2","TCP","70","50000 > 34031 [ACK] Seq=1 Ack=3353 Win=64032 Len=0 TSval=401 TSecr=400"
"322","1.607783","0.000985","10.1.0.2","10.1.2.2","TCP","1502","34031 > 50000 [PSH, ACK] Seq=4781 Ack=1 Win=58400 Len=1428 TSval=400 TSecr=400"
"323","1.607993","0.000210","10.1.2.2","10.1.0.2","TCP","62","50000 > 34031 [ACK] Seq=1 Ack=4781 Win=66960 Len=0 TSval=401 TSecr=400"
"324","1.608985","0.000992","10.1.0.2","10.1.2.2","TCP","1502","34031 > 50000 [PSH, ACK] Seq=6209 Ack=1 Win=58400 Len=1428 TSval=400 TSecr=400"
"325","1.609195","0.000210","10.1.2.2","10.1.0.2","TCP","62","50000 > 34031 [ACK] Seq=1 Ack=6209 Win=69872 Len=0 TSval=402 TSecr=400"
"326","1.610187","0.000992","10.1.0.2","10.1.2.2","TCP","1502","34031 > 50000 [PSH, ACK] Seq=7637 Ack=1 Win=58400 Len=1428 TSval=400 TSecr=400"
"327","1.610396","0.000209","10.1.2.2","10.1.0.2","TCP","62","50000 > 34031 [ACK] Seq=1 Ack=7637 Win=72800 Len=0 TSval=402 TSecr=400"
"328","1.611388","0.000992","10.1.0.2","10.1.2.2","TCP","1502","34031 > 50000 [PSH, ACK] Seq=9065 Ack=1 Win=58400 Len=1428 TSval=400 TSecr=400"
"329","1.611598","0.000210","10.1.2.2","10.1.0.2","TCP","62","50000 > 34031 [ACK] Seq=1 Ack=9065 Win=75712 Len=0 TSval=402 TSecr=400"
"330","1.612590","0.000992","10.1.0.2","10.1.2.2","TCP","1502","34031 > 50000 [PSH, ACK] Seq=10493 Ack=1 Win=58400 Len=1428 TSval=400 TSecr=400"
"331","1.612799","0.000209","10.1.2.2","10.1.0.2","TCP","62","50000 > 34031 [ACK] Seq=1 Ack=10493 Win=78640 Len=0 TSval=403 TSecr=400"
"332","1.613791","0.000992","10.1.0.2","10.1.2.2","TCP","1502","34031 > 50000 [PSH, ACK] Seq=11921 Ack=1 Win=58400 Len=1428 TSval=400 TSecr=400"
"333","1.614001","0.000210","10.1.2.2","10.1.0.2","TCP","62","50000 > 34031 [ACK] Seq=1 Ack=11921 Win=81552 Len=0 TSval=403 TSecr=400"
"334","1.614993","0.000992","10.1.0.2","10.1.2.2","TCP","1502","34031 > 50000 [PSH, ACK] Seq=13349 Ack=1 Win=58400 Len=1428 TSval=400 TSecr=400"
"335","1.615203","0.000210","10.1.2.2","10.1.0.2","TCP","62","50000 > 34031 [ACK] Seq=1 Ack=13349 Win=84480 Len=0 TSval=403 TSecr=400"
"336","1.616195","0.000992","10.1.0.2","10.1.2.2","TCP","1502","34031 > 50000 [PSH, ACK] Seq=14777 Ack=1 Win=58400 Len=1428 TSval=400 TSecr=400"
"337","1.616404","0.000209","10.1.2.2","10.1.0.2","TCP","62","50000 > 34031 [ACK] Seq=1 Ack=14777 Win=87392 Len=0 TSval=404 TSecr=400"
"338","1.617396","0.000992","10.1.0.2","10.1.2.2","TCP","1502","34031 > 50000 [PSH, ACK] Seq=16205 Ack=1 Win=58400 Len=1428 TSval=401 TSecr=401"
"339","1.617606","0.000210","10.1.2.2","10.1.0.2","TCP","62","50000 > 34031 [ACK] Seq=1 Ack=16205 Win=90320 Len=0 TSval=404 TSecr=400"
"340","1.618598","0.000992","10.1.0.2","10.1.2.2","TCP","1502","34031 > 50000 [PSH, ACK] Seq=17633 Ack=1 Win=58400 Len=1428 TSval=401 TSecr=401"
"341","1.618807","0.000209","10.1.2.2","10.1.0.2","TCP","62","50000 > 34031 [ACK] Seq=1 Ack=17633 Win=93232 Len=0 TSval=404 TSecr=401"
"342","1.619799","0.000992","10.1.0.2","10.1.2.2","TCP","1502","34031 > 50000 [PSH, ACK] Seq=19061 Ack=1 Win=58400 Len=1428 TSval=401 TSecr=401"
"343","1.620009","0.000210","10.1.2.2","10.1.0.2","TCP","62","50000 > 34031 [ACK] Seq=1 Ack=19061 Win=96160 Len=0 TSval=404 TSecr=401"
"344","1.621001","0.000992","10.1.0.2","10.1.2.2","TCP","1502","34031 > 50000 [PSH, ACK] Seq=20489 Ack=1 Win=58400 Len=1428 TSval=401 TSecr=401"
"345","1.621211","0.000210","10.1.2.2","10.1.0.2","TCP","62","50000 > 34031 [ACK] Seq=1 Ack=20489 Win=99072 Len=0 TSval=405 TSecr=401"
"346","1.622203","0.000992","10.1.0.2","10.1.2.2","TCP","1502","34031 > 50000 [PSH, ACK] Seq=21917 Ack=1 Win=58400 Len=1428 TSval=402 TSecr=401"
"347","1.622412","0.000209","10.1.2.2","10.1.0.2","TCP","62","50000 > 34031 [ACK] Seq=1 Ack=21917 Win=102000 Len=0 TSval=405 TSecr=401"
"348","1.623404","0.000992","10.1.0.2","10.1.2.2","TCP","1502","34031 > 50000 [PSH, ACK] Seq=23345 Ack=1 Win=58400 Len=1428 TSval=402 TSecr=401"
"349","1.623614","0.000210","10.1.2.2","10.1.0.2","TCP","62","50000 > 34031 [ACK] Seq=1 Ack=23345 Win=104912 Len=0 TSval=405 TSecr=402"
"350","1.624606","0.000992","10.1.0.2","10.1.2.2","TCP","1502","34031 > 50000 [PSH, ACK] Seq=24773 Ack=1 Win=58400 Len=1428 TSval=402 TSecr=402"
"351","1.624815","0.000209","10.1.2.2","10.1.0.2","TCP","62","50000 > 34031 [ACK] Seq=1 Ack=24773 Win=107840 Len=0 TSval=406 TSecr=402"
"352","1.625807","0.000992","10.1.0.2","10.1.2.2","TCP","1502","34031 > 50000 [PSH, ACK] Seq=26201 Ack=1 Win=58400 Len=1428 TSval=402 TSecr=402"
"353","1.626017","0.000210","10.1.2.2","10.1.0.2","TCP","62","50000 > 34031 [ACK] Seq=1 Ack=26201 Win=110752 Len=0 TSval=406 TSecr=402"
"354","1.627009","0.000992","10.1.0.2","10.1.2.2","TCP","1502","34031 > 50000 [PSH, ACK] Seq=27629 Ack=1 Win=58400 Len=1428 TSval=402 TSecr=402"
"355","1.627219","0.000210","10.1.2.2","10.1.0.2","TCP","62","50000 > 34031 [ACK] Seq=1 Ack=27629 Win=113680 Len=0 TSval=406 TSecr=402"
"356","1.628211","0.000992","10.1.0.2","10.1.2.2","TCP","1502","34031 > 50000 [PSH, ACK] Seq=29057 Ack=1 Win=58400 Len=1428 TSval=402 TSecr=402"
"357","1.628420","0.000209","10.1.2.2","10.1.0.2","TCP","62","50000 > 34031 [ACK] Seq=1 Ack=29057 Win=116592 Len=0 TSval=407 TSecr=402"
"358","1.629412","0.000992","10.1.0.2","10.1.2.2","TCP","1502","34031 > 50000 [PSH, ACK] Seq=30485 Ack=1 Win=58400 Len=1428 TSval=402 TSecr=402"
"359","1.629622","0.000210","10.1.2.2","10.1.0.2","TCP","62","50000 > 34031 [ACK] Seq=1 Ack=30485 Win=119520 Len=0 TSval=407 TSecr=402"
"360","1.630614","0.000992","10.1.0.2","10.1.2.2","TCP","1502","34031 > 50000 [PSH, ACK] Seq=31913 Ack=1 Win=58400 Len=1428 TSval=402 TSecr=402"
"361","1.630823","0.000209","10.1.2.2","10.1.0.2","TCP","62","50000 > 34031 [ACK] Seq=1 Ack=31913 Win=122432 Len=0 TSval=407 TSecr=402"
"362","1.631815","0.000992","10.1.0.2","10.1.2.2","TCP","1502","34031 > 50000 [PSH, ACK] Seq=33341 Ack=1 Win=58400 Len=1428 TSval=403 TSecr=403"
"363","1.632025","0.000210","10.1.2.2","10.1.0.2","TCP","62","50000 > 34031 [ACK] Seq=1 Ack=33341 Win=125360 Len=0 TSval=407 TSecr=402"
"364","1.633017","0.000992","10.1.0.2","10.1.2.2","TCP","1502","34031 > 50000 [PSH, ACK] Seq=34769 Ack=1 Win=58400 Len=1428 TSval=403 TSecr=403"
"365","1.633227","0.000210","10.1.2.2","10.1.0.2","TCP","62","50000 > 34031 [ACK] Seq=1 Ack=34769 Win=128272 Len=0 TSval=408 TSecr=403"
"366","1.634219","0.000992","10.1.0.2","10.1.2.2","TCP","1502","34031 > 50000 [PSH, ACK] Seq=36197 Ack=1 Win=58400 Len=1428 TSval=403 TSecr=403"
"367","1.634428","0.000209","10.1.2.2","10.1.0.2","TCP","62","50000 > 34031 [ACK] Seq=1 Ack=36197 Win=131200 Len=0 TSval=408 TSecr=403"
"368","1.635420","0.000992","10.1.0.2","10.1.2.2","TCP","1502","34031 > 50000 [PSH, ACK] Seq=37625 Ack=1 Win=58400 Len=1428 TSval=403 TSecr=403"
"369","1.635630","0.000210","10.1.2.2","10.1.0.2","TCP","62","50000 > 34031 [ACK] Seq=1 Ack=37625 Win=134112 Len=0 TSval=408 TSecr=403"
"370","1.636622","0.000992","10.1.0.2","10.1.2.2","TCP","1502","34031 > 50000 [PSH, ACK] Seq=39053 Ack=1 Win=58400 Len=1428 TSval=403 TSecr=403"
"371","1.636831","0.000209","10.1.2.2","10.1.0.2","TCP","62","50000 > 34031 [ACK] Seq=1 Ack=39053 Win=137040 Len=0 TSval=409 TSecr=403"
"372","1.637823","0.000992","10.1.0.2","10.1.2.2","TCP","1502","34031 > 50000 [PSH, ACK] Seq=40481 Ack=1 Win=58400 Len=1428 TSval=403 TSecr=403"
"373","1.638033","0.000210","10.1.2.2","10.1.0.2","TCP","62","50000 > 34031 [ACK] Seq=1 Ack=40481 Win=139952 Len=0 TSval=409 TSecr=403"
"374","1.639025","0.000992","10.1.0.2","10.1.2.2","TCP","1502","34031 > 50000 [PSH, ACK] Seq=41909 Ack=1 Win=58400 Len=1428 TSval=404 TSecr=404"
"375","1.639235","0.000210","10.1.2.2","10.1.0.2","TCP","62","50000 > 34031 [ACK] Seq=1 Ack=41909 Win=142880 Len=0 TSval=409 TSecr=403"
"376","1.640227","0.000992","10.1.0.2","10.1.2.2","TCP","1502","34031 > 50000 [PSH, ACK] Seq=43337 Ack=1 Win=58400 Len=1428 TSval=404 TSecr=404"
"377","1.640436","0.000209","10.1.2.2","10.1.0.2","TCP","62","50000 > 34031 [ACK] Seq=1 Ack=43337 Win=145792 Len=0 TSval=410 TSecr=404"
"378","1.641428","0.000992","10.1.0.2","10.1.2.2","TCP","1502","34031 > 50000 [PSH, ACK] Seq=44765 Ack=1 Win=58400 Len=1428 TSval=404 TSecr=404"
"379","1.641638","0.000210","10.1.2.2","10.1.0.2","TCP","62","50000 > 34031 [ACK] Seq=1 Ack=44765 Win=148720 Len=0 TSval=410 TSecr=404"
"380","1.642630","0.000992","10.1.0.2","10.1.2.2","TCP","1502","34031 > 50000 [PSH, ACK] Seq=46193 Ack=1 Win=58400 Len=1428 TSval=404 TSecr=404"
"381","1.642839","0.000209","10.1.2.2","10.1.0.2","TCP","62","50000 > 34031 [ACK] Seq=1 Ack=46193 Win=151632 Len=0 TSval=410 TSecr=404"
"382","1.643831","0.000992","10.1.0.2","10.1.2.2","TCP","1502","34031 > 50000 [PSH, ACK] Seq=47621 Ack=1 Win=58400 Len=1428 TSval=404 TSecr=404"
"383","1.644041","0.000210","10.1.2.2","10.1.0.2","TCP","62","50000 > 34031 [ACK] Seq=1 Ack=47621 Win=154560 Len=0 TSval=410 TSecr=404"
"384","1.645033","0.000992","10.1.0.2","10.1.2.2","TCP","1502","34031 > 50000 [PSH, ACK] Seq=49049 Ack=1 Win=58400 Len=1428 TSval=404 TSecr=404"
"385","1.645243","0.000210","10.1.2.2","10.1.0.2","TCP","62","50000 > 34031 [ACK] Seq=1 Ack=49049 Win=157472 Len=0 TSval=411 TSecr=404"
"386","1.646235","0.000992","10.1.0.2","10.1.2.2","TCP","1502","34031 > 50000 [PSH, ACK] Seq=50477 Ack=1 Win=58400 Len=1428 TSval=405 TSecr=404"
"387","1.646444","0.000209","10.1.2.2","10.1.0.2","TCP","62","50000 > 34031 [ACK] Seq=1 Ack=50477 Win=160400 Len=0 TSval=411 TSecr=404"
"388","1.647436","0.000992","10.1.0.2","10.1.2.2","TCP","1502","34031 > 50000 [PSH, ACK] Seq=51905 Ack=1 Win=58400 Len=1428 TSval=405 TSecr=404"
"389","1.647646","0.000210","10.1.2.2","10.1.0.2","TCP","62","50000 > 34031 [ACK] Seq=1 Ack=51905 Win=163312 Len=0 TSval=411 TSecr=405"
"390","1.648638","0.000992","10.1.0.2","10.1.2.2","TCP","1502","34031 > 50000 [PSH, ACK] Seq=53333 Ack=1 Win=58400 Len=1428 TSval=405 TSecr=405"
"391","1.648847","0.000209","10.1.2.2","10.1.0.2","TCP","62","50000 > 34031 [ACK] Seq=1 Ack=53333 Win=166240 Len=0 TSval=412 TSecr=405"
"392","1.649839","0.000992","10.1.0.2","10.1.2.2","TCP","1502","34031 > 50000 [PSH, ACK] Seq=54761 Ack=1 Win=58400 Len=1428 TSval=405 TSecr=405"
"393","1.650049","0.000210","10.1.2.2","10.1.0.2","TCP","62","50000 > 34031 [ACK] Seq=1 Ack=54761 Win=169152 Len=0 TSval=412 TSecr=405"
"394","1.651041","0.000992","10.1.0.2","10.1.2.2","TCP","1502","34031 > 50000 [PSH, ACK] Seq=56189 Ack=1 Win=58400 Len=1428 TSval=405 TSecr=405"
"395","1.651251","0.000210","10.1.2.2","10.1.0.2","TCP","62","50000 > 34031 [ACK] Seq=1 Ack=56189 Win=172080 Len=0 TSval=412 TSecr=405"
"396","1.652243","0.000992","10.1.0.2","10.1.2.2","TCP","1502","34031 > 50000 [PSH, ACK] Seq=57617 Ack=1 Win=58400 Len=1428 TSval=405 TSecr=405"
"397","1.652452","0.000209","10.1.2.2","10.1.0.2","TCP","62","50000 > 34031 [ACK] Seq=1 Ack=57617 Win=174992 Len=0 TSval=413 TSecr=405"
"398","1.653444","0.000992","10.1.0.2","10.1.2.2","TCP","1502","34031 > 50000 [PSH, ACK] Seq=59045 Ack=1 Win=58400 Len=1428 TSval=405 TSecr=405"
"399","1.653654","0.000210","10.1.2.2","10.1.0.2","TCP","62","50000 > 34031 [ACK] Seq=1 Ack=59045 Win=177920 Len=0 TSval=413 TSecr=405"
"400","1.654646","0.000992","10.1.0.2","10.1.2.2","TCP","1502","34031 > 50000 [PSH, ACK] Seq=60473 Ack=1 Win=58400 Len=1428 TSval=405 TSecr=405"
"401","1.654855","0.000209","10.1.2.2","10.1.0.2","TCP","62","50000 > 34031 [ACK] Seq=1 Ack=60473 Win=180832 Len=0 TSval=413 TSecr=405"
"402","1.655847","0.000992","10.1.0.2","10.1.2.2","TCP","1502","34031 > 50000 [PSH, ACK] Seq=61901 Ack=1 Win=58400 Len=1428 TSval=406 TSecr=406"
"403","1.656057","0.000210","10.1.2.2","10.1.0.2","TCP","62","50000 > 34031 [ACK] Seq=1 Ack=61901 Win=183760 Len=0 TSval=413 TSecr=405"
"404","1.657049","0.000992","10.1.0.2","10.1.2.2","TCP","1502","34031 > 50000 [PSH, ACK] Seq=63329 Ack=1 Win=58400 Len=1428 TSval=406 TSecr=406"
"405","1.657259","0.000210","10.1.2.2","10.1.0.2","TCP","62","50000 > 34031 [ACK] Seq=1 Ack=63329 Win=186672 Len=0 TSval=414 TSecr=406"
"406","1.658251","0.000992","10.1.0.2","10.1.2.2","TCP","1502","34031 > 50000 [PSH, ACK] Seq=64757 Ack=1 Win=58400 Len=1428 TSval=406 TSecr=406"
"407","1.658460","0.000209","10.1.2.2","10.1.0.2","TCP","62","50000 > 34031 [ACK] Seq=1 Ack=64757 Win=189600 Len=0 TSval=414 TSecr=406"
"408","1.659452","0.000992","10.1.0.2","10.1.2.2","TCP","1502","34031 > 50000 [PSH, ACK] Seq=66185 Ack=1 Win=58400 Len=1428 TSval=406 TSecr=406"
"409","1.659662","0.000210","10.1.2.2","10.1.0.2","TCP","62","50000 > 34031 [ACK] Seq=1 Ack=66185 Win=192512 Len=0 TSval=414 TSecr=406"
"410","1.660654","0.000992","10.1.0.2","10.1.2.2","TCP","960","34031 > 50000 [PSH, ACK] Seq=67613 Ack=1 Win=58400 Len=886 TSval=406 TSecr=406"
"411","1.660863","0.000209","10.1.2.2","10.1.0.2","TCP","62","50000 > 34031 [ACK] Seq=1 Ack=67613 Win=195440 Len=0 TSval=415 TSecr=406"
"412","1.700129","0.039266","10.1.2.2","10.1.0.2","TCP","62","50000 > 34031 [ACK] Seq=1 Ack=68499 Win=198352 Len=0 TSval=425 TSecr=406"
"413","1.700808","0.000679","10.1.0.2","10.1.2.2","TCP","62","34031 > 50000 [FIN, ACK] Seq=68499 Ack=1 Win=58400 Len=0 TSval=425 TSecr=415"
"414","1.740129","0.039321","10.1.2.2","10.1.0.2","TCP","62","50000 > 34031 [ACK] Seq=1 Ack=68500 Win=198352 Len=0 TSval=435 TSecr=425"
